[PeopleText.jpg]
filters=bw=1;bw=1;bw=1;Vignette=1,35.000000,2.000000,0.000000,00000000;
moddate=00006d7880d00000
width=1698
height=1131
textactive=0
